IR24HnCp7r1	IR24HnCp7r2	IR24HnCp7r3	IR24HnCp7r4	IR24HnCp7r5	IR24HnCp7r6	IR24HnCp7r7	IR24HnCp7r8	IR24HnCp7r9	IR24HnCp7r10	IR24HnCp7r11	IR24HnCp7r12	IR24HnCp7r13	IR24HnCp7r14	IR24HnCp7r15	IR24HnSz7r1	IR24HnSz7r2	IR24HnSz7r3	IR24HnSz7r4	IR24HnSz7r5	IR24HnSz7r6	IR24HnSz7r7	IR24HnSz7r8	IR24HnSz7r9	IR24HnSz7r10	IR24HnSz7r11	IR24HnSz7r12	IR24HnSz7r13	IR24HnSz7r14	IR24HnSz7r15	IR24HnSz7r16	IR24HnSz7r17
Paenibacillaceae_1	0.476	0.0515	0.0894	0.0466	0.065	0.0227	0.0595	0.0685	0.132	0.0287	0.0492	0.0479	0.056	0.189	0.0524	0.124	0.0471	0.0445	0.048	0.0288	0.0294	0.0197	0.00819	0.0309	0.0672	0.02	0.0854	0.0181	0.111	0.0797	0.0172	0
Ruminococcaceae	0.0964	0.0806	0.0979	0.0719	0.0488	0.102	0.0534	0.154	0.039	0.0439	0.0369	0.0819	0.0632	0.0932	0.0737	0.0238	0.0495	0.00741	0.0861	0.0144	0.035	0.0222	0.0492	0.0291	0.623	0.031	0.0834	0.0946	0.104	0.0429	0.0133	0.104
Rhodocyclaceae	4.97	5.76	5.26	6.01	4.3	4.49	5.23	5.78	6.09	4.66	5.85	5.72	4.3	3.84	5.56	2.85	5.43	9.37	3.75	5.63	4.61	4.61	5.33	5.42	4.34	7.38	5.86	5.73	3.86	6.11	5.25	5.11
Clostridiaceae_1	0.382	0.173	0.0873	0.163	0.0894	0.0389	0.058	0.103	0.222	0.597	0.204	0.194	0.047	0.544	0.0911	5.79	2.44	4.24	0.412	3.04	4.42	1.68	1.57	1.46	2.82	2.61	5.6	1.71	1.59	3.14	0.513	0.94
Sphingomonadaceae	0.495	0.429	0.458	0.825	0.74	0.742	1.13	0.491	0.611	0.424	0.504	0.895	0.468	0.282	1.12	0.503	0.339	0.252	0.342	0.242	0.666	0.55	0.67	0.519	0.362	0.437	0.97	1.11	0.7	0.386	0.419	0.205
Lachnospiraceae	0.0308	0.0343	0.0234	0.0402	0.0163	0.0162	0.0336	0.0234	0.0509	0.0439	0.0215	0.0459	0.0163	0.0262	0.0252	0.515	0.221	0.324	0.102	0.178	0.254	0.17	0.158	0.147	0.297	0.235	0.468	0.145	0.169	0.227	0.0496	0.0612
Rhodospirillaceae	0.0964	0.141	0.172	0.372	0.276	0.199	0.143	0.112	0.107	0.433	0.292	0.252	0.181	0.396	0.105	0.11	0.207	0.0766	0.118	0.0777	0.0847	0.101	0.104	0.127	0.174	0.206	0.202	0.167	0.248	0.153	0.0801	0.0918
Planctomycetaceae	0.00385	0.0189	0.0405	0.0783	0.0325	0.0405	0.0244	0.0639	0.0322	0.0304	0.0323	0.0519	0.0289	0.0262	0.0116	0.00953	0.00942	0.00247	0.018	0.0115	0.0515	0.00247	0.0901	0.0182	0.0255	0.0237	0.0407	0.0161	0.0575	0.00613	0.021	0.00612
Syntrophobacteraceae	0.0251	0.00515	0.00426	0.00635	0	0.00162	0.00153	0.00312	0.0017	0.0186	0.00769	0.014	0.00723	0.0408	0.00776	0.00953	0.0141	0.00494	0.016	0.0115	0.0166	0.00987	0.0328	0.0127	0.0464	0.00911	0.031	0.00403	0.0144	0.0092	0.00572	0.0122
Flavobacteriaceae	0.761	0.499	0.913	0.54	1.35	0.656	0.271	0.601	0.324	0.167	0.278	0.433	0.566	2.35	0.366	2.8	0.386	0.719	0.669	0.314	1.07	1.12	0.412	3.2	1.26	1.57	1.54	0.534	1.42	1.02	0.488	0.404
Comamonadaceae	3.02	11.8	13.3	9.11	12.8	8.34	12.6	11.1	16.1	8.25	10.7	10.2	12.6	7.59	12.1	3.82	5.78	5.24	6.79	3.91	5.36	4.88	9.36	6.05	5.52	7.58	6.46	5.77	8.3	4.28	5.81	4.81
Oxalobacteraceae	0.202	0.71	0.886	0.315	0.563	0.202	0.662	0.531	0.446	0.379	0.652	1.93	0.712	0.524	0.63	0.131	0.448	0.212	0.0981	0.124	0.473	0.387	0.344	0.328	0.202	0.508	0.411	0.197	0.999	0.297	0.187	0.205
Ignavibacteriaceae	0.57	0.12	0.134	0.138	0.0731	0.125	0.159	0.143	0.109	0.196	0.155	0.166	0.231	0.3	0.0969	0.131	0.21	0.133	0.372	0.181	0.276	0.232	0.295	0.242	0.429	0.169	0.388	0.236	0.517	0.245	0.183	0.282
Hyphomicrobiaceae	0.842	0.415	0.445	0.743	0.796	0.372	0.522	0.425	0.477	0.532	0.443	0.491	0.435	0.608	0.543	0.667	0.678	0.405	0.665	0.452	0.762	0.711	0.834	0.843	0.688	1.07	0.832	0.701	0.866	0.604	0.73	0.517
Geobacteraceae	0.765	0.41	0.581	0.326	0.244	0.372	0.249	0.466	0.241	0.348	0.391	0.737	0.37	0.44	0.353	0.269	0.231	0.267	0.236	0.19	0.202	0.151	0.324	0.231	0.172	0.346	0.227	0.262	0.241	0.297	0.21	0.383
Xanthomonadaceae	0.104	0.439	0.37	0.51	0.91	0.261	0.323	0.305	0.478	0.21	0.555	0.567	0.445	0.212	0.531	0.272	0.184	0.193	0.308	0.173	0.28	0.227	0.549	0.208	0.528	0.421	0.349	0.348	0.532	0.279	0.362	0.205
Bacillaceae_1	0.168	1.04	0.294	0.121	0.642	0.614	0.48	0.836	0.512	0.695	0.26	0.322	1.21	0.335	0.231	0.622	0.233	0.304	0.21	0.216	0.412	0.163	0.233	0.215	0.199	0.257	0.188	0.226	0.244	0.331	0.153	0.0612
Caldilineaceae	0.0405	0.0257	0.0341	0.0275	0.00542	0.0243	0.0244	0.0436	0.0288	0.0287	0.0292	0.0379	0.0235	0.0495	0.0233	0.05	0.0283	0.0198	0.0541	0.0633	0.046	0.0395	0.0696	0.0473	0.0672	0.0492	0.0427	0.0523	0.0503	0.0368	0.0267	0.0306
Rhizobiaceae	1.32	3.26	2.11	2.18	4.78	1.15	3.26	2.53	1.83	1.47	2.4	2.35	2.82	3.03	2.53	1.38	0.803	0.766	1.34	0.918	1.3	1.19	1.5	1.38	1.58	2.19	2.1	1.4	1.71	1.27	1.43	0.539
Rhodobacteraceae	0.052	0.49	0.471	0.743	0.918	0.248	0.308	0.517	0.792	0.169	0.673	0.773	0.502	0.343	0.834	0.0691	0.13	0.0716	0.122	0.0575	0.155	0.0938	0.365	0.122	0.253	0.219	0.243	0.137	0.377	0.0552	0.36	0.141
Nitrospiraceae	0.561	0.172	0.179	0.375	0.152	0.377	0.235	0.322	0.21	0.34	0.507	0.635	0.21	0.274	0.335	0.1	0.21	0.195	0.2	0.092	0.201	0.163	0.342	0.131	0.271	0.208	0.12	0.217	0.205	0.218	0.141	0.294
Methylococcaceae	0.437	0.262	0.253	0.65	0.447	0.288	0.32	0.322	0.156	0.181	0.346	0.415	0.248	0.303	0.136	0.677	0.591	0.445	1.13	2.29	0.317	1.19	0.453	0.421	0.994	0.339	0.295	1.99	0.887	1.5	0.549	0.306
Nocardioidaceae	0.52	0.322	0.351	0.305	0.756	0.387	0.296	0.215	0.326	0.367	0.232	0.35	0.781	0.288	0.372	0.529	0.391	0.301	0.494	0.253	0.847	0.385	0.77	0.464	0.721	0.645	0.636	0.471	0.715	0.472	0.248	0.279
Micromonosporaceae	1.81	2.08	1.98	5.52	4.45	3.65	1.78	2.5	4.49	1.8	2.69	2.84	2.65	3.18	5.48	1.11	2.71	0.786	3.09	1.66	3.21	1.81	3.99	1.8	3.74	1.32	2.16	2.77	2.37	0.684	3.08	2.93
Enterobacteriaceae	0.632	0.858	0.596	0.222	0.618	0.539	0.102	0.21	0.963	1.15	0.101	0.254	0.499	0.637	0.0271	4.17	1.97	1.32	0.18	0.452	1.25	0.375	0.522	10	0.299	1.21	0.958	2.98	0.19	7.47	0.0515	0.729
Spirochaetaceae	0.754	0.499	0.356	0.605	0.282	0.256	0.358	0.433	0.429	0.367	0.403	0.569	0.36	0.48	0.512	0.293	0.462	0.361	0.466	0.267	0.615	0.299	0.84	0.282	1.02	0.572	0.536	0.314	0.442	0.356	0.757	0.937
Caulobacteraceae	0.262	0.19	0.189	0.245	0.726	0.12	0.293	0.297	0.168	0.11	0.157	0.22	0.231	0.268	0.275	0.396	0.177	0.106	0.474	0.141	0.322	0.432	0.244	0.202	0.366	0.381	0.576	0.354	0.427	0.236	0.172	0.0827
Burkholderiales_incertae_sedis	0.526	3.63	3.64	4.78	3.3	4.54	4.06	2.74	3.5	3.69	3.62	3.94	4.21	3.81	3.72	5.52	5.95	6.62	10.8	5.73	9.14	9.61	11.3	3.61	12.8	8.15	8.56	4.85	6.31	4.17	13	11.8
Cystobacteraceae	11.8	6.44	7.75	5.61	4.85	7.14	7.51	10.3	3.55	7.42	8.11	9.24	5.99	6.95	6.39	6.37	7.63	5.2	5.84	7.04	3.79	4.55	4.15	8.72	4.3	6.21	5.77	5.07	5.78	7.05	7.31	9.78
Acetobacteraceae	0	0.0103	0.00426	0.00846	0.019	0	0.00305	0.0109	0.0187	0.00169	0.0108	0.024	0.00723	0.00291	0.00776	0.00477	0.00942	0	0.004	0	0.00368	0	0.0246	0.00728	0.0139	0.0364	0.00582	0.00201	0.0287	0.0092	0.00381	0
Microbacteriaceae	0.168	0.135	0.168	0.144	0.149	0.173	0.125	0.207	0.18	0.24	0.228	0.18	0.394	0.247	0.306	0.262	0.269	0.121	0.206	0.213	0.267	0.239	0.25	0.173	0.222	0.59	0.386	0.201	0.341	0.162	0.118	0.22
Parachlamydiaceae	0.00193	0.00343	0.00852	0.00423	0.00271	0	0.00305	0.00312	0.00509	0.00507	0.00769	0.00399	0	0.00291	0.0233	0.00953	0.00236	0.0148	0.004	0.00288	0.0129	0.0173	0.00614	0.00364	0.0209	0.00728	0.0136	0.0141	0.0144	0.00307	0.0172	0.00306
Porphyromonadaceae	0.933	0.276	0.26	0.463	0.0948	0.181	0.224	0.196	0.163	0.174	0.252	0.262	0.349	0.303	0.149	0.174	0.292	0.259	0.218	0.0805	0.348	0.173	0.213	0.191	0.269	0.319	0.128	0.147	0.366	0.159	0.179	0.254
Bdellovibrionaceae	0.0173	0.0274	0.0128	0.0233	0.0298	0.0194	0.0168	0.0125	0.0526	0.00676	0.00461	0.032	0.0199	0.0291	0.031	0.0143	0.0188	0.00741	0.034	0.0115	0.0129	0.0148	0.0102	0.0127	0.0232	0.0182	0.0194	0.0262	0.018	0.00307	0.00763	0.0153
Sinobacteraceae	0.227	0.557	0.458	1.21	0.656	0.51	0.796	0.223	0.483	0.52	0.829	0.567	0.591	0.675	0.44	0.579	0.916	0.427	0.649	0.334	0.552	0.696	1.15	0.302	0.853	0.597	0.508	0.534	0.736	0.555	0.871	0.628
Bacteriovoracaceae	0.00964	0.0172	0.0149	0.0466	0.019	0	0.00305	0.00156	0.0237	0.0135	0.0138	0.026	0.0235	0.0262	0.0252	0.0119	0.00707	0.0247	0.034	0.0316	0.0221	0.0222	0.0307	0.0146	0.051	0.0164	0.0485	0.0322	0.018	0.0276	0.0153	0.0367
Pseudomonadaceae	0.613	3.44	3.52	1.27	3.34	0.863	1.17	2.8	1.57	2.19	1.32	2.29	1.71	2.07	1.82	0.944	1.17	0.761	0.955	0.814	1.48	0.832	1.27	1.12	0.392	0.838	1.49	0.697	1.86	0.708	0.698	0.928
Neisseriaceae	0.0424	1.56	1.37	0.455	1.86	1.6	1.1	1.18	2.37	1.34	1.54	0.623	0.831	1.34	0.717	0.705	1.65	1.8	1.39	2.38	0.751	1.33	1.81	1.71	0.338	1.4	1.54	1.53	1.76	3.43	0.408	0.533
Planococcaceae	0.0463	0.0223	0.0298	0.0212	0.0163	0.00972	0.0229	0.0249	0.0288	0.0406	0.0307	0.02	0.0452	0.0349	0.033	0.0882	0.0919	0.0618	0.0981	0.0604	0.0791	0.0913	0.15	0.12	0.222	0.0801	0.142	0.117	0.119	0.141	0.0496	0.049
Methylobacteriaceae	0.0597	0.024	0.0426	0.0148	0.00813	0.00648	0.0122	0.00779	0.0322	0.0591	0.0138	0.028	0.0181	0.0146	0.0291	0.05	0.04	0.0198	0.02	0.345	0.0755	0.104	0.0389	0.0382	0.0324	0.0983	0.0718	0.0765	0.119	0.0613	0.0801	0.0153
Chitinophagaceae	0.0116	0.0172	0.0255	0.0466	0.0298	0.0243	0.0275	0.0171	0.00848	0.0118	0.0384	0.0539	0.00361	0.0291	0.00582	0.0191	0.0188	0.00741	0.014	0.00863	0.0368	0.0123	0.0184	0.0127	0.00695	0.0109	0.0233	0.0201	0.0647	0.00613	0.0191	0.0122
Desulfovibrionaceae	0.0809	0.178	0.213	0.159	0.125	0.125	0.0778	0.157	0.198	0.128	0.151	0.483	0.105	0.259	0.306	0.112	0.139	0.18	0.172	0.132	0.127	0.0765	0.264	0.0637	0.369	0.368	0.19	0.153	0.266	0.138	0.126	0.26
Opitutaceae	0.0713	0.0137	0.0554	0.102	0.0217	0.105	0.0366	0.123	0.0407	0.0355	0.0507	0.0579	0.0398	0.099	0.00776	0.0191	0.0165	0.0346	0.034	0.046	0.0589	0.00494	0.084	0.0218	0.0324	0.0273	0.0893	0.0181	0.0898	0.0368	0.0305	0.0214
Prolixibacteraceae	0.243	0.173	0.185	0.165	0.135	0.149	0.163	0.143	0.0882	0.118	0.145	0.0899	0.204	0.137	0.188	0.0667	0.0895	0.084	0.134	0.135	0.188	0.0666	0.115	0.144	0.125	0.191	0.0601	0.248	0.165	0.126	0.0591	0.0765
Polyangiaceae	0.0675	0.024	0.0554	0.0868	0.0488	0.0567	0.032	0.0436	0.0288	0.13	0.0784	0.0839	0.0145	0.143	0.062	0.031	0.0518	0.0469	0.0921	0.0431	0.0552	0.146	0.102	0.0728	0.0834	0.0965	0.0446	0.0523	0.0718	0.0398	0.0953	0.0612
Gaiellaceae	0.0636	0.0172	0.017	0.0423	0.0135	0.013	0.0229	0.0467	0.0339	0.0422	0.0369	0.036	0.0379	0.0349	0.0427	0.0357	0.0259	0.0692	0.0561	0.0288	0.0423	0.0222	0.0492	0.0419	0.0556	0.0382	0.0796	0.0483	0.0682	0.049	0.0133	0.0153
Gracilibacteraceae	0.027	0.00343	0.00852	0.00846	0.00271	0.0243	0.0305	0.00935	0.0187	0.0287	0.0184	0.016	0.00723	0.0204	0.00776	0.0453	0.0589	0.0988	0.0761	0.0748	0.0681	0.0938	0.111	0.0637	0.121	0.051	0.099	0.0443	0.018	0.0674	0.0534	0.11
Desulfobulbaceae	0.054	0.0326	0.0873	0.0656	0.0758	0.0502	0.0458	0.0327	0.0492	0.0625	0.0538	0.0619	0.105	0.0553	0.0407	0.0238	0.0471	0.0519	0.0541	0.0345	0.0423	0.0592	0.0676	0.0528	0.165	0.0273	0.0543	0.0423	0.0718	0.0429	0.0267	0.0918
Oscillochloridaceae	0.0385	0.0497	0.117	0.102	0.0433	0.136	0.0595	0.053	0.0577	0.071	0.0815	0.0919	0.0849	0.0408	0.194	0.00953	0.0518	0.0469	0.0601	0.0259	0.0294	0.0395	0.0471	0.0564	0.0695	0.0492	0.0427	0.0725	0.0431	0.132	0.0515	0.0184
Desulfobacteraceae	0.0212	0.00686	0.00639	0.00635	0	0.00486	0.00305	0.00779	0.00509	0.0101	0.0108	0.024	0.00181	0.0204	0.00582	0.0262	0.0283	0.00988	0.1	0.0316	0.0202	0.0321	0.0901	0.0564	0.109	0.0382	0.0931	0.0262	0.079	0.0368	0.0267	0.0888
Solirubrobacteraceae	0.0173	0.00686	0.00213	0.0233	0.00271	0.00486	0.0061	0.00467	0.00339	0.0135	0.00461	0.014	0.0126	0.0146	0.0213	0.00477	0.0165	0.00494	0.02	0.0345	0.00552	0.0247	0.043	0.0127	0.0533	0.00546	0.0466	0.00604	0.0144	0.0215	0.00572	0.00918
Intrasporangiaceae	0.0732	0.0789	0.0915	0.0317	0.0677	0.0826	0.0656	0.0685	0.0356	0.0608	0.0461	0.0579	0.141	0.0291	0.064	0.0953	0.0565	0.0865	0.0601	0.0719	0.164	0.0617	0.141	0.0983	0.162	0.206	0.109	0.129	0.244	0.116	0.04	0.101
Streptomycetaceae	0.0887	0.177	0.0724	1.91	0.555	2.73	0.866	0.067	0.192	0.59	0.649	0.0819	0.132	0.588	0.0969	0.651	0.912	0.519	1.37	0.926	0.585	1.03	0.227	0.184	0.127	0.102	0.159	0.757	0.0934	0.797	0.263	0.0704
Clostridiales_Incertae_Sedis_XII	0.0424	0.336	0.302	0.171	0.228	0.162	0.09	0.273	0.656	0.24	0.337	0.328	0.141	0.573	0.351	0.548	0.558	0.502	0.17	0.351	0.337	0.19	0.287	0.228	0.501	0.761	0.444	0.604	0.345	0.518	0.109	0.511
Phyllobacteriaceae	0.0212	0.0223	0.017	0.0423	0.0163	0.0178	0.0168	0.00935	0.0424	0.0186	0.0277	0.0439	0.0235	0.0553	0.0504	0.00953	0.0259	0.042	0.04	0.0144	0.0276	0.0444	0.0778	0.0309	0.0394	0.0546	0.0543	0.0403	0.0611	0.0429	0.021	0.0184
Desulfuromonadaceae	0.00193	0.00515	0.00852	0.00423	0.00271	0.00162	0.0061	0.0171	0.00678	0.0101	0.00922	0.018	0.00723	0.0175	0.00969	0.00715	0.00236	0.00741	0.00801	0.00863	0.0092	0.00247	0.0123	0.00364	0.00927	0.00546	0.00776	0.00604	0	0.0184	0.00572	0.00612
Verrucomicrobiaceae	0.00578	0.00343	0.00426	0.0148	0.00271	0.00648	0.0061	0.00156	0	0.00507	0.00307	0	0.00361	0	0	0.00238	0	0.0148	0.002	0.00288	0	0	0.0041	0	0	0	0.00388	0.00201	0.00359	0.00307	0.00381	0
Haliangiaceae	0.0366	0.0394	0.0298	0.0783	0.0569	0.0243	0.032	0.0156	0.0458	0.0862	0.0292	0.026	0.0181	0.064	0.031	0.0238	0.0165	0.0124	0.00601	0.00863	0.00736	0.0173	0.0246	0.00546	0.0371	0.0182	0.0155	0.0161	0.0216	0.0153	0.00953	0.0153
Clostridiales_Incertae_Sedis_XI	0	0.012	0.00426	0.0127	0.00271	0.00486	0.00153	0.00467	0.00339	0.00338	0.00769	0	0.00181	0	0.0252	0	0	0	0	0	0	0	0	0	0	0	0	0	0	0	0	0
Syntrophaceae	0.00385	0.00343	0	0.00423	0	0.00162	0	0	0	0.00169	0.00154	0.00399	0	0.00291	0.00194	0	0	0	0	0	0.00184	0	0.00205	0	0	0	0.00194	0	0.00359	0	0	0
Gallionellaceae	3.13	0.729	0.773	1.1	0.723	1.03	1.11	1.21	0.88	1.37	1.37	1.57	0.799	1.4	0.758	0.753	1.53	2.7	1.96	2.17	1.2	1.01	1.73	1.75	1.36	1.32	1.42	1.38	1.67	1.18	2.18	2.35
Peptostreptococcaceae	0.0501	0.0515	0.017	0.0741	0.065	0.0292	0.0183	0.014	0.0882	0.0879	0.0538	0.0639	0.0488	0.0728	0.0213	0.806	0.297	0.42	0.184	0.296	1	0.355	0.332	0.351	0.491	0.484	0.943	0.256	0.313	0.448	0.0744	0.144
Conexibacteraceae	0.0116	0.00858	0.00852	0.00846	0	0.0081	0.00915	0.0109	0.0153	0.0135	0.00461	0.00799	0.00361	0.00873	0.00969	0.00238	0.00707	0.00988	0.00601	0.00863	0.0092	0.0074	0.00614	0.00728	0.00927	0.00364	0.0097	0.0161	0.00359	0.00613	0.00953	0.00612
Thermomonosporaceae	6.49	0.924	1.04	2.38	1.08	3.26	1.61	1.19	1.29	2.41	2.3	1.02	1.68	1.76	1.23	7.19	4.77	3.88	8.85	6.81	3.44	9.32	2.06	3.2	5.6	3.22	1.17	8.81	4.3	6.96	3.06	3.1
Acidimicrobiaceae	0.102	0.18	0.16	0.205	0.233	0.0826	0.143	0.156	0.226	0.0963	0.166	0.262	0.141	0.102	0.223	0.0977	0.177	0.133	0.188	0.15	0.166	0.146	0.377	0.135	0.278	0.133	0.27	0.187	0.23	0.156	0.143	0.0796
Burkholderiaceae	0.0636	0.0875	0.187	0.0741	0.122	0.104	0.107	0.107	0.102	0.122	0.125	0.118	0.141	0.0873	0.159	0.081	0.13	0.0964	0.104	0.092	0.0939	0.0765	0.184	0.129	0.109	0.106	0.149	0.0866	0.133	0.0889	0.0629	0.0765
Nannocystaceae	0	0.00858	0.00852	0.0148	0.00542	0	0.00153	0.00312	0	0.00507	0.00615	0.002	0	0	0.00194	0.0167	0.0165	0.0148	0.028	0.0173	0.0202	0.0173	0.0471	0.0182	0.0394	0.02	0.0194	0.0201	0.0503	0.0153	0.0553	0.0306
Gemmatimonadaceae	0.00193	0.0755	0.0554	0.0508	0.0786	0.0178	0.0214	0.0374	0.0678	0.0152	0.043	0.0819	0.0199	0.0175	0.033	0.0167	0.0118	0.0148	0.002	0.00575	0.035	0	0.0328	0.0091	0.0742	0.0255	0.0213	0.0101	0.0431	0.0092	0.00763	0.0122
Rhodothermaceae	0.00578	0	0	0	0	0	0	0	0	0	0	0	0	0	0	0	0	0	0.004	0	0.00184	0.00247	0.00614	0	0	0	0.00388	0	0.00359	0	0.00191	0
Myxococcaceae	0.0443	0.0223	0.00852	0.0275	0.0352	0.0211	0.0168	0.0156	0.0339	0.0355	0.00922	0.00399	0.00904	0.00291	0.0136	0.0238	0.00942	0.0321	0.022	0.0546	0.0129	0.0321	0.0266	0.02	0.0464	0.0219	0.0175	0.0342	0.018	0.0797	0.0229	0.0122
Sphingobacteriaceae	0	0.00343	0	0.00846	0.00542	0	0.00153	0.00312	0	0.00169	0.00307	0.002	0.00181	0.00291	0.00388	0.00238	0.0118	0.0148	0.004	0	0.0276	0	0.0184	0.00728	0.00232	0.00911	0.00194	0.00805	0.0323	0.0123	0.0114	0.00306
Veillonellaceae	0.0289	0.024	0.0873	0.0656	0.019	0.133	0.0381	0.156	0.0967	0.0389	0.0338	0.0799	0.0542	0.154	0.00582	0.00238	0.00471	0.00741	0.018	0.00288	0.0129	0.0074	0.0389	0.00182	0.0185	0.00546	0.0116	0.0121	0.0323	0.00613	0.0114	0.00918
Pseudonocardiaceae	0.0154	0.0274	0.0213	0.0169	0.0163	0.0113	0.14	0.00467	0.00848	0.0439	0.0815	0.0419	0.0578	0.0466	0.0116	0.00477	0.00942	0.0148	0.018	0.00288	0.0129	0.0197	0.0102	0.0255	0.0139	0.00182	0.0175	0.0141	0.018	0	0.0305	0.00612
Mycobacteriaceae	0.16	0.0412	0.0106	0.0994	0.00271	0.0113	0.0808	0.0125	0.0204	0.0406	0.0569	0.00999	0.0163	0.0873	0.00776	0.031	0.0448	0.0222	0.038	0.0173	0.0626	0.079	0.0492	0.0346	0.0695	0.0473	0.0466	0.0262	0.119	0.0521	0.0191	0.0337
Erythrobacteraceae	0.0212	0.0377	0.0319	0.0889	0.0786	0.0761	0.162	0.101	0.0661	0.0473	0.324	0.118	0.0614	0.0495	0.0969	0.0143	0.0353	0.0519	0.03	0.0144	0.0184	0.00987	0.0573	0.04	0.0927	0.0273	0.0737	0.0322	0.0467	0.0184	0.0343	0.00612
Thermoactinomycetaceae_1	0.00771	0.00343	0.00426	0.00212	0	0	0.00305	0.0249	0.00509	0.00338	0.00154	0.00399	0.00181	0.00582	0.00388	0.0119	0.00236	0.00494	0.004	0.00288	0	0.00247	0.00614	0.00364	0.0116	0.00546	0.00194	0.00805	0.00359	0.00307	0	0
Bradyrhizobiaceae	1.05	1.06	0.898	0.954	0.78	0.738	1.62	0.987	0.872	0.688	2.13	1.31	0.905	1.35	1.15	1.25	0.452	0.215	0.619	0.627	0.317	0.916	0.533	0.371	0.343	1.21	0.398	0.56	0.909	0.598	0.654	0.187
Sandaracinaceae	0.0116	0.00515	0.0128	0.019	0.00813	0.0178	0.0229	0.00779	0.0187	0.022	0.0169	0.012	0.0145	0.0116	0.0252	0.0119	0.04	0.0716	0.052	0.0374	0.0405	0.0271	0.0512	0.0564	0.0603	0.0364	0.0543	0.0745	0.0395	0.0582	0.0782	0.049
Coriobacteriaceae	0.0347	0.0703	0.0447	0.0127	0.0163	0.0453	0.0381	0.0592	0.0407	0.0406	0.0354	0.0419	0.105	0.0233	0.0368	0.00477	0.0283	0.00988	0.00601	0.00863	0.00736	0.0123	0.0266	0.0164	0.0139	0.0127	0.0097	0.0201	0.0108	0.0245	0.00572	0.00918
Geodermatophilaceae	0.0809	0.0137	0.0149	0.036	0.0135	0.0178	0.0183	0.0389	0.0204	0.0287	0.00769	0.016	0.0741	0.0175	0.0368	0.0453	0.0448	0.0321	0.138	0.0403	0.127	0.0543	0.0922	0.0492	0.199	0.0911	0.165	0.0785	0.104	0.0644	0.0248	0.0459
Aeromonadaceae	2.66	6.62	3.94	1.55	3.52	1.91	2.23	3.09	4.57	8.15	3.32	3.07	1.99	3.8	1.87	8.43	8.12	7.96	3.95	8.88	4.78	6.74	3.72	5.33	2.01	3.43	8	3.79	4.07	4.84	1.16	2.12
Methylocystaceae	0.892	0.578	0.771	1.97	0.401	0.342	0.644	0.93	0.217	0.791	0.644	0.451	0.369	1.11	0.747	1.83	0.33	0.331	0.603	0.371	0.361	1.09	0.375	0.586	0.338	1.77	0.353	1.12	0.693	0.754	1.17	0.0735
Streptosporangiaceae	0.0385	0.024	0.0298	0.0466	0.00271	0.0534	0.0275	0.00623	0.0271	0.0203	0.0215	0.018	0.215	0.032	0.0175	0.00477	0.00942	0	0.012	0.00288	0.0202	0.0321	0.00614	0.00728	0.0278	0.00728	0.0155	0.0242	0.0108	0.00613	0.00381	0.00306
Methylophilaceae	0.112	0.0737	0.0873	0.296	0.179	0.0567	0.0717	0.095	0.0509	0.0406	0.0507	0.0939	0.105	0.122	0.064	0.112	0.0518	0.0222	0.116	0.092	0.0773	0.128	0.0737	0.14	0.216	0.0874	0.146	0.163	0.079	0.0858	0.0496	0.0306
Micrococcaceae	0.0694	0.096	0.0852	0.0571	0.0325	0.1	0.0534	0.081	0.0695	0.0794	0.0676	0.0499	0.132	0.0728	0.0698	0.081	0.0565	0.0889	0.126	0.0834	0.164	0.079	0.119	0.12	0.16	0.12	0.101	0.157	0.19	0.162	0.0515	0.0765
Cellulomonadaceae	0.0752	0.0566	0.0213	0.0846	0.257	0.206	0.0976	0.176	0.0356	0.0321	0.0646	0.0799	0.168	0.0553	0.062	0.0572	0.0589	0.0914	0.186	0.115	0.125	0.0839	0.0942	0.0947	0.262	0.231	0.132	0.101	0.233	0.0858	0.0572	0.122
Labilitrichaceae	0.00578	0.00343	0.00639	0.0169	0.00813	0.00486	0.00305	0.00156	0.0017	0.00676	0.0154	0.00399	0.00723	0.00291	0.00194	0.00715	0.0165	0.0124	0.016	0.00288	0.00368	0.00987	0.0246	0.0127	0.0324	0.0109	0.0233	0.0262	0.0431	0.00613	0.00953	0.0122
Bacteroidaceae	0	0.00172	0.00213	0	0	0	0.00153	0	0	0.00338	0	0	0	0	0	0.0167	0	0.00247	0	0	0	0	0	0	0	0	0	0.00201	0	0	0	0
Bacillales_Incertae_Sedis_XII	0.102	1.5	0.673	0.184	1.96	0.41	2.08	0.819	0.65	0.345	0.192	0.461	3.29	0.501	0.586	0.191	0.212	0.138	0.0861	0.224	0.162	0.109	0.205	0.0983	0.051	0.138	0.097	0.141	0.133	0.0552	0.0858	0.0551
Chromatiaceae	0.0347	0.17	0.381	0.0381	0.431	0.0696	0.0808	0.274	0.0644	0.0693	0.043	0.132	0.0452	0.067	0.0989	0.0143	0.0966	0.0395	0.0821	0.0374	0.0221	0.0296	0.0901	0.071	0.0116	0.0455	0.0796	0.0443	0.284	0.049	0.0496	0.0276
Clostridiales_Incertae_Sedis_XVIII	0	0	0	0	0	0	0	0	0	0	0	0	0	0	0	0	0	0	0	0	0	0	0	0	0	0	0	0	0	0.00307	0	0
Nitrosomonadaceae	0.00193	0.00343	0.00426	0.00423	0.00271	0.00162	0.00153	0	0.00509	0.00169	0.00307	0.00599	0	0.00291	0.00388	0	0	0	0	0	0	0	0.00205	0	0	0	0	0	0	0	0	0
Iamiaceae	0.0385	0.0274	0.0341	0.0381	0.019	0.0194	0.0153	0.0296	0.0305	0.0558	0.0169	0.036	0.0379	0.0349	0.0252	0.0167	0.0259	0.0346	0.0741	0.0173	0.0626	0.0642	0.0717	0.0528	0.0742	0.031	0.0776	0.0362	0.097	0.0582	0.0229	0.0429
Saprospiraceae	0	0.0394	0.0255	0.0127	0.0352	0.0113	0.00763	0	0.017	0.00676	0.0154	0.018	0.00542	0.00873	0.00969	0.00715	0.0141	0.00988	0.014	0	0.0239	0.0173	0.0614	0.0109	0.0255	0.00911	0.0194	0.0101	0.0144	0.0092	0.0153	0.0122
Holophagaceae	0.156	0.156	0.155	0.133	0.0867	0.159	0.0778	0.081	0.132	0.0997	0.128	0.164	0.143	0.099	0.138	0.05	0.0377	0.0494	0.102	0.0777	0.046	0.0469	0.0963	0.0346	0.104	0.126	0.0349	0.0403	0.108	0.0674	0.0381	0.0367
Rhodobiaceae	0.0116	0.00515	0.0106	0.0106	0.00271	0.013	0.0107	0.00935	0.00678	0.022	0.00769	0.00999	0.0126	0.0175	0.00582	0.0405	0.0188	0.0173	0.046	0.0345	0.0294	0.0197	0.0758	0.0273	0.0603	0.0127	0.0582	0.0423	0.0647	0.0736	0.00572	0.0245
Cytophagaceae	0	0.00172	0.00639	0.00423	0.00542	0.00162	0.00153	0.00779	0.00339	0.00169	0.00461	0.00799	0.00181	0	0	0.00715	0.00236	0.00741	0.00601	0.0115	0.0147	0.00494	0	0.00728	0.00695	0.0109	0.00388	0.00403	0.00718	0.00307	0.00381	0.00306
Rhizobiales_incertae_sedis	0.0732	0.209	0.117	0.212	0.414	0.0761	0.252	0.315	0.259	0.0625	0.195	0.393	0.244	0.282	0.363	0.0596	0.0471	0.0445	0.114	0.0805	0.129	0.0518	0.182	0.0947	0.222	0.228	0.256	0.103	0.248	0.046	0.208	0.0367
Clostridiales_Incertae_Sedis_XIII	0.0154	0.0172	0.0106	0.00846	0.00813	0.00162	0.00458	0.014	0.0136	0.00676	0.00461	0.014	0.00542	0.00873	0.00582	0.0477	0.0612	0.0692	0.018	0.0374	0.0258	0.0074	0.0307	0.0382	0.0579	0.0583	0.031	0.0201	0.0503	0.0398	0.0248	0.0306
Hyphomonadaceae	0.0154	0.0257	0.0213	0.0635	0.0488	0.0211	0.0229	0.0202	0.0526	0.0203	0.0246	0.034	0.0289	0.032	0.0271	0.0357	0.0448	0.0173	0.038	0.0259	0.0276	0.0444	0.107	0.0455	0.146	0.0346	0.0466	0.0383	0.0575	0.0337	0.0477	0.0367
Sneathiellaceae	0.0308	0.012	0.017	0.0254	0.0163	0.0211	0.0305	0.0249	0.0187	0.0253	0.0338	0.018	0.0271	0.0146	0.00582	0.00953	0.0283	0.0148	0.038	0.0374	0.0166	0.0395	0.0266	0.0109	0.0834	0.0328	0.0213	0.0161	0.0144	0.0092	0.0191	0.00918
Anaerolineaceae	0	0.00172	0.00213	0	0	0	0	0.00312	0.0017	0.00676	0	0.002	0	0.00291	0	0.00238	0	0	0	0	0	0	0	0	0	0	0.00194	0	0.00718	0	0	0
Alicyclobacillaceae	0.0116	0.00515	0.0106	0.00212	0.00542	0.0211	0.0061	0.0171	0.00678	0.027	0.00461	0.00399	0.0126	0.00873	0	0.0167	0.0141	0.00494	0.00601	0.00575	0.00368	0.0074	0.00819	0.0255	0.0232	0.00911	0.00776	0.00403	0.0144	0.0613	0	0.0122
Acidimicrobineae_incertae_sedis	0.00385	0.0154	0.017	0.0127	0.0488	0	0.00763	0.00779	0.0204	0.00169	0.0138	0.016	0.00181	0.00291	0.00388	0.00477	0.0118	0.00494	0.01	0.00575	0.011	0.00494	0.0533	0.0127	0.0116	0.031	0.0116	0.00604	0.0216	0	0.0133	0.0122
Leptospiraceae	0.119	0.165	0.23	0.245	0.135	0.141	0.207	0.265	0.212	0.318	0.409	0.316	0.322	0.279	0.384	0.105	0.252	0.385	0.268	0.253	0.116	0.141	0.36	0.2	0.241	0.249	0.192	0.23	0.259	0.405	0.355	0.511
Paenibacillaceae_2	0.00193	0	0.00426	0	0	0.00324	0	0.00156	0.00339	0.00507	0.00154	0.00399	0.00361	0.00291	0.00388	0.0214	0.00707	0.00247	0.028	0.0173	0.011	0.00247	0	0.00546	0.00232	0.00182	0.00388	0.0403	0.00359	0.0153	0.00763	0.00612
Xanthobacteraceae	0.00385	0.00686	0	0.0127	0.0163	0.013	0.0259	0.0327	0.00678	0.0101	0.00307	0.0759	0.0163	0.00582	0	0.0143	0.00471	0.00247	0.004	0.00288	0.0681	0.0716	0.0143	0.02	0.00464	0.00911	0.0388	0.0201	0.0144	0.0123	0.00191	0
Propionibacteriaceae	0.00385	0	0	0.00212	0	0	0	0	0	0	0	0	0	0	0	0	0	0	0.002	0	0.00184	0	0.00205	0	0.00232	0.00182	0	0	0	0	0	0
Aurantimonadaceae	0	0	0.0277	0.00212	0.00542	0	0.00305	0.00156	0.00339	0	0.00154	0.00399	0.0163	0	0.00194	0	0.00471	0	0.002	0	0.0092	0	0.00205	0.00182	0	0.0109	0.0097	0	0	0	0	0.00306
Alcaligenaceae	0	0.00515	0.00426	0.00635	0.171	0.11	0	0.00156	0	0	0	0	0.0163	0.00873	0	0.00477	0.00236	0.00247	0.004	0.0316	0.0313	0	0.0102	0	0	0.00364	0.00388	0.00201	0	0.00307	0.00191	0
Thermoactinomycetaceae_2	0.0116	0	0.00213	0.00212	0.00271	0	0	0.181	0.0254	0.00845	0	0.026	0.0163	0.00291	0.00582	0.00715	0.00236	0	0.002	0.00288	0.00184	0.00247	0.00819	0.00182	0.00464	0.00182	0.00582	0	0	0.00307	0	0
Nocardiaceae	0.00578	0.00172	0	0.00635	0.00542	0.00162	0.00153	0.00467	0	0	0.00154	0.002	0.00181	0.00582	0	0	0.00236	0.00247	0.002	0	0	0	0.00614	0.00182	0.00232	0.00364	0	0	0.00359	0	0.00191	0
Kineosporiaceae	0.0443	0.0154	0.0149	0.0402	0.00813	0.0081	0.0229	0.00935	0.00848	0.00676	0.0138	0.012	0.0398	0.0116	0.0116	0.0763	0.0141	0.00741	0.014	0.0259	0.0994	0.0074	0.0205	0.0127	0.0139	0.153	0.031	0.0221	0.0611	0.0184	0.0324	0.0214
Heliobacteriaceae	0.00385	0.00172	0	0	0	0.0162	0	0.00156	0.00339	0	0.00154	0.00999	0.00181	0.00291	0	0	0	0	0.004	0	0	0	0.00205	0	0	0	0	0	0	0	0	0
Oligoflexaceae	0.0385	0.629	0.189	0.125	0.116	0.0761	0.104	0.0592	0.137	0.135	0.327	0.208	0.0705	0.195	0.322	0.00477	0.033	0.0148	0.012	0.0115	0.0184	0.0074	0.0471	0.0109	0.0185	0.00911	0.0155	0.0302	0.0647	0.00307	0.0114	0.0306
Deinococcaceae	0	0.0103	0.0149	0.00212	0.00813	0.0486	0.0153	0.0265	0.0102	0.00507	0.0138	0.028	0.0795	0	0.0213	0	0.00942	0.00247	0.00801	0.00863	0.00736	0.00247	0.0205	0.00728	0.00232	0.00546	0.0097	0.00403	0.00359	0.00307	0.00191	0.00612
Herpetosiphonaceae	0.00193	0.168	0.0532	0.121	0.347	0.0421	0.0747	0.0358	0.095	0.0558	0.0184	0.0599	0.0614	0.032	0.064	0.0524	0.0518	0.0445	0.0741	0.0316	0.0423	0.0197	0.113	0.0382	0.134	0.117	0.0951	0.0544	0.151	0.0123	0.103	0.104
Chloroplast	0	0.00343	0.0192	0.00212	0.0217	0.00162	0.0061	0.00623	0.00509	0	0.00922	0.00399	0.00542	0.00291	0.00194	0	0	0	0	0	0.00184	0	0	0	0	0	0	0	0.00359	0	0.00191	0.00306
Clostridiaceae_4	0.00771	0.0103	0.0213	0.00635	0.0108	0.00486	0.00305	0	0.00848	0.00338	0.00769	0.012	0.00723	0.0116	0.00776	0	0	0	0	0	0	0	0.00205	0	0.00232	0.0109	0	0.00403	0	0	0	0
Family_I	0	0	0.00213	0.0148	0	0	0	0.00312	0.00339	0	0.00461	0.002	0.00181	0.00291	0.00194	0	0.00236	0	0	0	0	0	0.00205	0	0	0	0	0	0	0	0	0
Cryomorphaceae	0	0.00515	0.00639	0.00423	0.019	0.00162	0.0061	0.00156	0.00339	0.00338	0.00307	0.00399	0.00361	0	0.00776	0.00238	0.0118	0.00247	0.018	0.00863	0.0166	0.00247	0.0553	0.0109	0.0324	0.0109	0.00582	0.00403	0.0287	0.00307	0.0267	0.0276
Syntrophorhabdaceae	0.00771	0.00172	0.00213	0.00635	0	0.00162	0.00153	0.00156	0.00509	0.0101	0.00615	0.00999	0.0108	0.00582	0.00776	0.00477	0	0.00741	0.03	0.00575	0.0092	0.0123	0.0184	0.0109	0.0162	0.00546	0.0136	0.00201	0.0108	0.0215	0.00381	0.0153
Demequinaceae	0.00193	0.0189	0.0383	0.0169	0.122	0.0356	0.0198	0.0187	0.0373	0.00676	0.06	0.016	0.123	0.00873	0.0465	0.00715	0.0495	0.0222	0	0.00863	0.12	0.0173	0.141	0.00364	0.00695	0.319	0.0291	0.0121	0.136	0.0123	0.0248	0.0337
Promicromonosporaceae	0.00385	0.00858	0.00213	0	0	0	0.00153	0.00156	0.0017	0.00169	0	0.002	0.00181	0	0.00194	0.00477	0.00471	0.00494	0.016	0	0.00184	0.00987	0.00614	0.00728	0.0139	0.00728	0	0.00201	0.00718	0	0	0
Marinilabiliaceae	0.0385	0.0789	0.168	0.127	0.0894	0.0453	0.116	0.0607	0.0339	0.0608	0.0661	0.14	0.0976	0.0932	0.126	0.0119	0.0259	0.0395	0.014	0.00575	0.0294	0.0197	0.0246	0.0564	0.0371	0.0419	0.0175	0.0221	0.0287	0.0398	0.0172	0.0674
Rubrobacteraceae	0.0135	0.00686	0.00426	0.00423	0.00542	0.013	0.00915	0.0109	0.00509	0.0152	0.0108	0.002	0.00904	0.00873	0.00194	0.00238	0.00236	0	0	0.00575	0.00552	0.00247	0	0.00182	0.00695	0	0.00388	0.00805	0.00718	0.00613	0	0.00306
Family_V	0	0.0103	0.0192	0.00212	0.019	0.00486	0.00458	0.00935	0.00678	0	0.0123	0.012	0	0.00582	0	0	0	0	0	0	0	0	0	0	0	0	0	0	0	0	0	0
Shewanellaceae	0.00578	0.0223	0.0149	0	0	0.00162	0	0.00312	0.0017	0	0	0.002	0	0.00291	0	0.00953	0.00236	0.00988	0.046	0.0173	0.0092	0.00494	0.00205	0	0.00464	0.00364	0.00776	0.00805	0.0144	0.00613	0	0.0184
Moraxellaceae	0	0.00858	0.00213	0	0	0	0.00153	0	0	0	0.00154	0	0.00181	0.00291	0	0.00238	0	0.00247	0	0	0	0	0	0	0	0	0	0	0	0.00307	0	0
Campylobacteraceae	0	0	0	0	0	0	0	0	0	0	0	0	0	0	0	0.00477	0	0	0.002	0	0	0	0.00205	0.00182	0	0	0	0	0	0	0	0
Eubacteriaceae	0	0	0.00852	0	0	0	0	0.00312	0.0017	0	0	0	0	0	0.00194	0.0143	0.0236	0.00988	0.004	0.0115	0.0202	0.00247	0.00205	0.0473	0.00464	0.00546	0.00776	0.0101	0.00359	0.0092	0.00191	0.00306
Hydrogenophilaceae	0.00385	0.00515	0	0.00212	0	0	0.00153	0	0.0119	0.00169	0	0	0.00361	0.00582	0.00194	0	0.0212	0.0198	0.022	0.00575	0.0129	0.00987	0.0328	0.0109	0.0324	0.00728	0.0155	0.0282	0.0108	0.0184	0.00572	0.0122
Erysipelotrichaceae	0.00578	0	0.00213	0.0212	0	0.00486	0	0.00623	0.00848	0.00676	0.0123	0.00599	0.00181	0.00582	0.00776	0.0143	0.00707	0.0173	0.036	0.00863	0.0184	0.0444	0.0717	0.02	0.0858	0.0109	0.0834	0.0141	0.0611	0.046	0.00953	0.0122
Desulfomicrobiaceae	0.00193	0.0189	0.0426	0.00846	0.00542	0.013	0.00458	0.0109	0.00509	0.0118	0.00461	0.02	0.00723	0.00582	0.0175	0.00477	0.00471	0.00988	0.002	0.00288	0.0092	0	0.0041	0.00182	0.114	0.00182	0.00388	0.00403	0.00359	0	0	0
Glycomycetaceae	0	0	0	0	0	0	0	0	0	0	0	0	0	0	0	0.00238	0	0.00988	0.002	0.0115	0.00736	0	0.00819	0	0.00232	0	0.00582	0.00403	0	0.00613	0.00381	0.00306
Fusobacteriaceae	0	0	0	0	0	0	0	0	0.0017	0	0	0	0	0	0	0.0143	0.00707	0.0346	0.002	0.00863	0.0239	0.00247	0.00205	0	0	0.00728	0.0233	0.0262	0.0108	0.0215	0.0133	0.239
Leptotrichiaceae	0.00964	0.00858	0.00639	0.00423	0.0163	0	0	0.00156	0.0204	0.0186	0.0231	0.022	0.00181	0.0262	0.00582	0.126	0.212	0.235	0.012	0.0316	0.158	0.037	0.0594	0.02	0.044	0.0801	0.179	0.0564	0.0539	0.175	0.0477	0.052
Thermaceae	0	0.0789	0.0639	0.0296	0.1	0.034	0.0229	0.00467	0.0543	0.00676	0.0446	0.0919	0.00723	0.0291	0.0465	0.00238	0	0	0	0	0.00184	0	0	0	0.00232	0	0	0.00201	0.00359	0	0.00191	0.00306
