Sample	berger_parker	buzas_gibson	chao1	dominance	equitability	jost	jost1	reads	richness	robbins	simpson	shannon_e	shannon_2	shannon_10
A50HnCp7r4	0.236	0.0118	1359.2	0.935	0.661	31.2	117.6	10000.0	1350.0	0.604	0.0649	4.77	6.88	2.07
A50HnCp7r6	0.228	0.0143	1394.5	0.942	0.686	37.0	143.2	10000.0	1387.0	0.568	0.0582	4.96	7.16	2.16
A50HnCp7r14	0.271	0.0104	1313.4	0.919	0.647	25.4	104.0	10000.0	1305.0	0.592	0.0809	4.64	6.70	2.02
A50HnCp7r11	0.237	0.0122	1326.1	0.937	0.668	33.0	121.6	10000.0	1318.0	0.592	0.0631	4.80	6.93	2.08
A50HnCp7r10	0.279	0.00917	1232.8	0.914	0.635	23.3	91.7	10000.0	1225.0	0.577	0.0858	4.52	6.52	1.96
A50HnCp7r7	0.258	0.0105	1256.5	0.927	0.653	27.9	105.2	10000.0	1248.0	0.599	0.0734	4.66	6.72	2.02
A50HnCp7r2	0.209	0.0197	1569.9	0.952	0.719	49.0	197.2	10000.0	1562.0	0.574	0.048	5.28	7.62	2.29
A50HnCp7r13	0.288	0.00933	1325.7	0.910	0.631	22.5	93.3	10000.0	1316.0	0.614	0.0901	4.54	6.54	1.97
A50HnCp7r8	0.271	0.0119	1435.7	0.920	0.658	26.9	118.9	10000.0	1428.0	0.593	0.0796	4.78	6.89	2.08
A50HnCp7r15	0.289	0.00948	1328.2	0.909	0.633	22.3	94.8	10000.0	1320.0	0.606	0.0913	4.55	6.57	1.98
A50HnCp7r5	0.212	0.0179	1539.4	0.949	0.707	44.8	179.0	10000.0	1531.0	0.582	0.0506	5.19	7.48	2.25
A50HnCp7r9	0.228	0.0109	1269.4	0.938	0.657	31.5	108.6	10000.0	1259.0	0.596	0.0623	4.69	6.76	2.04
A50HnCp7r1	0.208	0.0144	1432.6	0.948	0.684	40.1	143.5	10000.0	1425.0	0.596	0.0516	4.97	7.17	2.16
A50HnCp7r12	0.213	0.0155	1500.0	0.946	0.690	39.5	154.6	10000.0	1491.0	0.579	0.0537	5.04	7.27	2.19
A50HnCp7r3	0.284	0.00808	1144.1	0.911	0.624	21.8	80.8	10000.0	1134.0	0.605	0.0894	4.39	6.34	1.91
IR24HnCp7r14	0.278	0.0124	1430.9	0.918	0.664	27.2	124.2	10000.0	1418.0	0.604	0.0816	4.82	6.96	2.09
IR24HnCp7r13	0.295	0.0115	1383.6	0.909	0.657	24.1	115.5	10000.0	1375.0	0.583	0.0912	4.75	6.85	2.06
IR24HnCp7r1	0.297	0.0082	1255.8	0.904	0.618	20.6	82.0	10000.0	1247.0	0.615	0.0958	4.41	6.36	1.91
IR24HnCp7r12	0.248	0.0145	1496.3	0.934	0.681	33.9	145.0	10000.0	1488.0	0.599	0.0663	4.98	7.18	2.16
IR24HnCp7r11	0.270	0.0123	1387.2	0.922	0.665	28.3	122.8	10000.0	1380.0	0.593	0.0778	4.81	6.94	2.09
IR24HnCp7r10	0.306	0.00972	1341.8	0.901	0.636	21.2	97.2	10000.0	1329.0	0.620	0.0991	4.58	6.60	1.99
IR24HnCp7r4	0.264	0.0144	1510.5	0.927	0.680	31.4	144.4	10000.0	1500.0	0.610	0.0732	4.97	7.17	2.16
IR24HnCp7r8	0.275	0.0127	1398.3	0.920	0.670	28.0	127.1	10000.0	1389.0	0.590	0.0798	4.85	6.99	2.10
IR24HnCp7r6	0.372	0.00632	1117.9	0.857	0.592	13.7	63.2	10000.0	1107.0	0.595	0.143	4.15	5.98	1.80
IR24HnCp7r9	0.301	0.00978	1340.2	0.905	0.637	22.0	97.8	10000.0	1329.0	0.614	0.0955	4.58	6.61	1.99
IR24HnCp7r5	0.243	0.0149	1348.2	0.937	0.695	36.3	148.8	10000.0	1340.0	0.576	0.0632	5.00	7.22	2.17
IR24HnCp7r3	0.273	0.0124	1378.4	0.921	0.667	27.9	123.6	10000.0	1371.0	0.579	0.079	4.82	6.95	2.09
IR24HnCp7r15	0.294	0.0114	1337.8	0.910	0.658	24.5	113.7	10000.0	1330.0	0.577	0.09	4.73	6.83	2.06
IR24HnCp7r2	0.255	0.0126	1370.4	0.929	0.670	30.7	126.1	10000.0	1361.0	0.598	0.0706	4.84	6.98	2.10
IR24HnCp7r7	0.300	0.00955	1182.1	0.905	0.645	22.3	95.5	10000.0	1174.0	0.573	0.0949	4.56	6.58	1.98
A50HnSz7r6	0.212	0.011	1254.8	0.942	0.659	33.0	109.7	10000.0	1246.0	0.593	0.0577	4.70	6.78	2.04
A50HnSz7r9	0.174	0.0165	1646.1	0.956	0.690	45.5	164.8	10000.0	1637.0	0.625	0.0439	5.10	7.36	2.22
A50HnSz7r14	0.176	0.0162	1484.5	0.959	0.697	48.3	161.5	10000.0	1477.0	0.589	0.0412	5.08	7.34	2.21
A50HnSz7r1	0.184	0.0128	1310.5	0.955	0.677	41.8	128.1	10000.0	1302.0	0.605	0.0453	4.85	7.00	2.11
A50HnSz7r7	0.221	0.0102	1162.5	0.939	0.656	31.0	102.1	10000.0	1154.0	0.570	0.0611	4.63	6.67	2.01
A50HnSz7r8	0.217	0.0143	1419.6	0.946	0.685	39.6	143.4	10000.0	1406.0	0.625	0.0537	4.97	7.16	2.16
A50HnSz7r5	0.159	0.0193	1533.5	0.967	0.718	62.0	193.4	10000.0	1527.0	0.584	0.0329	5.26	7.60	2.29
A50HnSz7r12	0.187	0.0209	1606.7	0.960	0.724	56.9	208.9	10000.0	1597.0	0.600	0.0402	5.34	7.71	2.32
A50HnSz7r10	0.180	0.0204	1808.3	0.955	0.710	48.5	204.1	10000.0	1800.0	0.608	0.045	5.32	7.67	2.31
A50HnSz7r13	0.235	0.0111	1352.0	0.935	0.654	30.6	111.2	10000.0	1345.0	0.607	0.065	4.71	6.80	2.05
A50HnSz7r4	0.161	0.0178	1455.3	0.966	0.712	58.3	178.0	10000.0	1445.0	0.602	0.0343	5.18	7.48	2.25
A50HnSz7r11	0.196	0.0166	1528.5	0.954	0.698	46.2	166.4	10000.0	1519.0	0.609	0.0459	5.11	7.38	2.22
A50HnSz7r15	0.229	0.0115	1398.0	0.937	0.656	31.6	115.3	10000.0	1387.0	0.634	0.0627	4.75	6.85	2.06
A50HnSz7r3	0.223	0.0138	1456.8	0.943	0.677	37.0	138.4	10000.0	1448.0	0.611	0.0568	4.93	7.11	2.14
A50HnSz7r2	0.182	0.0169	1566.3	0.957	0.697	47.6	168.6	10000.0	1558.0	0.609	0.043	5.13	7.40	2.23
IR24HnSz7r11	0.229	0.0161	1531.1	0.942	0.693	38.9	160.8	10000.0	1524.0	0.582	0.0577	5.08	7.33	2.21
IR24HnSz7r12	0.205	0.0176	1713.0	0.951	0.695	43.7	176.3	10000.0	1704.0	0.612	0.0494	5.17	7.46	2.25
IR24HnSz7r17	0.277	0.00831	1232.5	0.913	0.622	22.4	83.1	10000.0	1224.0	0.615	0.0866	4.42	6.38	1.92
IR24HnSz7r13	0.245	0.0135	1490.6	0.934	0.671	32.8	134.6	10000.0	1482.0	0.613	0.0661	4.90	7.07	2.13
IR24HnSz7r7	0.259	0.00909	1289.7	0.922	0.630	24.4	90.9	10000.0	1281.0	0.604	0.0784	4.51	6.51	1.96
IR24HnSz7r14	0.224	0.0202	1824.1	0.946	0.707	43.7	201.7	10000.0	1816.0	0.615	0.0544	5.31	7.66	2.30
IR24HnSz7r1	0.243	0.0106	1348.8	0.931	0.648	28.9	106.4	10000.0	1340.0	0.612	0.0685	4.67	6.73	2.03
IR24HnSz7r6	0.269	0.0134	1602.5	0.922	0.664	28.2	133.9	10000.0	1594.0	0.594	0.0777	4.90	7.07	2.13
IR24HnSz7r2	0.251	0.0112	1379.5	0.930	0.653	29.2	111.6	10000.0	1366.0	0.635	0.0704	4.71	6.80	2.05
IR24HnSz7r5	0.279	0.00768	1194.3	0.911	0.614	21.3	76.8	10000.0	1184.0	0.633	0.0886	4.34	6.26	1.89
IR24HnSz7r16	0.297	0.0073	1113.4	0.903	0.612	19.8	73.0	10000.0	1104.0	0.605	0.097	4.29	6.19	1.86
IR24HnSz7r8	0.196	0.0192	1804.2	0.955	0.702	48.9	192.0	10000.0	1795.0	0.634	0.0449	5.26	7.58	2.28
IR24HnSz7r4	0.224	0.0116	1425.1	0.940	0.655	32.6	116.0	10000.0	1415.0	0.628	0.0603	4.75	6.86	2.06
IR24HnSz7r15	0.219	0.0136	1440.5	0.944	0.676	37.2	136.0	10000.0	1434.0	0.591	0.0556	4.91	7.09	2.13
IR24HnSz7r3	0.275	0.0088	1231.6	0.916	0.630	23.7	88.0	10000.0	1222.0	0.621	0.0836	4.48	6.46	1.94
IR24HnSz7r10	0.209	0.0166	1712.8	0.947	0.687	40.2	166.3	10000.0	1704.0	0.612	0.053	5.11	7.38	2.22
IR24HnSz7r9	0.229	0.0114	1339.4	0.938	0.658	32.2	113.8	10000.0	1331.0	0.607	0.0619	4.73	6.83	2.06
